width 30,height 30

rows
3
6,5
3,4,7,3
1,2,4,4,6
1,7,4,2,9

14,1,6,2
3,10,6,1
3,8,4,3
2,6,1,2,2,1
2,7,2,3,3,1

1,9,5,5
2,19,3
1,1,5,7
2,1,2,2,7
4,1,2,10,2,3

2,1,1,7,2,1,3
1,9,2,2
1,4,4,2,3,1
2,4,3,3,1,1,2
2,1,6,5,1,1,1,1

4,10,1,1,2,1
2,9,1,1,4
8,2,2
3,3,2,1
2,7,1

4,1,1
2,5,1,4
5,6,7
7,4,10
9,15

columns
3,3
1,6,3,2
1,3,1,2,4,1
1,2,3,2,2,2
2,2,2,2,3

2,2,2,3
1,3,3,4,4
1,4,3,8,4
2,4,6,9,3
2,10,12,2

11,3,5,3,1
2,7,3,4,5
9,4,9
10,5,5,4
2,8,11,3

3,4,2,9,1,1,1
4,1,1,1,1,1,1,1
6,1,1,1,2,3,2
4,1,2,1,1,3,1,2
2,3,3,2,2,3

10,1,5
11,9,4
5,9,1,4
4,4,5,4
4,4,3

3,3,4,3
3,5,4,3,2
3,1,3,4,3,1
4,2,1,2
3,3