width 60
height 45

rows
1,1,1,2,27,3,1,3,2,4,5
2,1,3,2,8,8,2,2,2,2,6,4
2,1,1,1,2,6,3,6,1,1,1,1,1,1,2,3,3
3,2,2,1,4,2,2,4,2,3,1,3,1,2,2,2,3
1,1,1,3,2,2,3,2,2,1,3,1,2
3,2,1,4,2,2,4,3,3,2,1,2,1
1,1,2,2,2,3,2,3,3,4,4,2,2,2,3
2,4,2,6,3,2,4,2,3,5
3,1,2,1,3,1,1,2,4,3,3,7,2,2
2,1,1,2,2,2,4,1,4,3,3,4,3,3,1
1,2,2,3,2,2,4,3,3,3,2,3,2,2
1,2,2,2,3,2,4,3,3,2,2,3
1,4,1,3,5,2,2,6,3,1,2,7
1,1,1,2,2,2,2,3,6,4,2,2,3,2,1
2,2,2,1,2,2,2,3,1,3,4,3,3,2,2,1
4,3,1,2,2,1,2,2,1,5,5,1,2,2,1
1,1,1,2,3,2,2,3,7,3,2,2,2,2,1
3,2,3,3,1,5,7,2,2,2,2,1,3,1
2,1,3,2,3,2,5,6,2,2,2,4,2,2,2
1,2,1,3,4,3,2,1,4,3,3,3,3
1,2,5,8,9,3,4,1,1
2,2,12,4,3,9,4,8,3
3,12,6,8,6,3,3,2
1,24,1,3,3,4,2,1
1,20,14,3,2,2,2,1
1,18,3,2,9,9,2,1,2,1
1,17,2,2,3,3,1,1,2,2,1
18,2,8,8,1,3,3,1
4,14,1,10,2,3,2,1,2,1
3,2,11,10,4,2,2,2,1
2,2,3,19,3,3,9
1,2,4,5,9,3,3,3,3,2,2
1,5,6,2,6,3,3,4,1,1
2,6,5,1,1,1,1,7,2,3,3,1
3,7,6,2,1,2,2,3,2,3,2,1
3,6,1,6,1,2,2,2,3,3,3,2
2,6,7,1,2,1,3,2,5,6
1,3,3,1,1,6,1,2,2,2,2,3,2,3,2,4,1
1,7,6,1,6,2,2,2,2,2,1,1,3
1,1,4,3,3,1,1,3,2,2,2,2,1,1,1,3,1,1,3
1,2,1,7,2,1,1,1,1,1,1,1,2,2,3,2
2,1,1,1,1,2,2,1,2,2,3,1,3,2,1,3,5,1
2,2,1,1,4,1,2,1,5,2,2,2,2,3,1,1
4,2,2,6,2,2,7,2,2,3,3,2,2
12,8,4,9,5,3,5,3

columns
1,1,1,2,6,1,4,4,3,13
2,1,3,2,2,2,5,4,4
2,1,1,1,1,1,1,1,5,2,2,2
3,2,3,1,3,2,5,1,2,2,2
1,2,2,2,5,2,4,1
3,2,4,4,9,3,1,1
1,1,1,4,9,5,1
2,1,2,1,2,2,8,3,1
3,1,2,2,3,1,8,4,2
2,3,2,2,9,4,2,2
1,3,2,7,10,5,2,1
1,4,2,17,4,1
2,1,2,2,16,2,1
3,2,1,4,1,9,7,4
1,5,2,1,1,2,10,4,3,1
2,1,2,2,11,3,4,2
3,3,2,5,14,4,3
4,5,2,3,3,16,4
4,2,3,2,2,17,4
4,1,2,2,2,4,10,3
4,2,2,2,3,4,3,10,2
3,2,3,3,8,2,5,1
2,2,5,2,8,4,4,4
1,4,1,2,8,2,6,2,2
1,1,2,2,2,7,3,1,5,1,2,1
1,2,3,2,3,2,2,3,5,2,4,1
2,5,2,3,3,2,3,5,4,2
3,3,3,2,3,3,2,7,3,3
4,4,3,3,1,12,3,1
5,3,3,2,2,9,4,2
5,3,16,8,4,3
4,3,6,3,3,2,2,1,1,2,2,4
3,3,3,3,3,3,2,1,1,2,4,4
2,3,3,3,4,3,2,1,2,2,3,4
1,3,2,4,3,3,2,3,1,4,2,3
1,1,3,4,4,2,1,1,3,3,2
3,1,3,4,3,3,1,1,3,2,4,1
2,1,2,2,4,4,2,1,2,3,2,2
1,2,2,1,1,3,3,1,1,1,1,2,2,2
2,2,1,1,2,1,1,1,2,1,3,1
4,1,2,3,1,1,1,2,2,2,1
1,2,1,5,1,1,2,3,4,1
3,2,1,3,1,1,1,1,4,2
2,1,2,2,2,3,2,2,2,5,3
1,2,2,1,2,2,2,2,2,8,1
2,2,2,3,2,2,3,1,1
4,3,2,2,6,3,2,6,1
1,2,1,2,1,4,3,2,3,2
1,3,2,2,2,3,4,2,3,2,2
3,3,2,3,3,2,2,2,2,4,2
3,3,4,4,2,2,2,2,2,2,1,1
2,2,2,2,2,2,1,2,2,2,2,2,2
2,2,1,2,3,2,1,2,2,2,4,2
3,2,3,2,2,1,2,2,2,3,3
3,2,2,2,1,1,2,3,2,8
1,4,4,2,3,3,7,2,4
2,2,2,7,7,2,2,3,2,2
4,2,2,4,3,4,1,2,4,2,1
5,3,3,2,2,2,2,3,2
6,5,17,5,1,5