width 47,height 40

rows
1
1,1
3
1,1,1
5
1,1
1,1,1,1
3,3
1,1,1,1,1,1
11
1,1
1,1,1,1
3,3
1,1,1,1,1,1
5,5
1,1,1,1
1,1,1,1,1,1,1,1
3,3,3,3
1,1,1,1,1,1,1,1,1,1,1,1
23
1,1
1,1,1,1
3,3
1,1,1,1,1,1
5,5
1,1,1,1
1,1,1,1,1,1,1,1
3,3,3,3
1,1,1,1,1,1,1,1,1,1,1,1
11,11
1,1,1,1
1,1,1,1,1,1,1,1
3,3,3,3
1,1,1,1,1,1,1,1,1,1,1,1
5,5,5,5
1,1,1,1,1,1,1,1
1,1,1,1,1,1,1,1,1,1,1,1,1,1,1,1
3,3,3,3,3,3,3,3
1,1,1,1,1,1,1,1,1,1,1,1,1,1,1,1,1,1,1,1,1,1,1,1
47

columns
2
2,1
1,3
2,2,1
2,1,2
1,3,1
2,2,1,2
2,1,2,2,1
1,3,1,3
2,2,1,2,1
2,1,2,2
1,3,1,1
2,2,1,2,2
2,1,2,2,1,2,1
1,3,1,3,1,3
2,2,1,2,1,2,2,1
2,1,2,2,2,1,2
1,3,1,1,3,1
2,2,1,2,2,1,2
2,1,2,2,1,2,2,1
1,3,1,3,1,3
2,2,1,2,1,2,1
2,1,2,2,2
1,3,1,1,1
2,1,2,2,2
2,2,1,2,1,2,1
1,3,1,3,1,3
2,1,2,2,1,2,2,1
2,2,1,2,2,1,2
1,3,1,1,3,1
2,1,2,2,2,1,2
2,2,1,2,1,2,2,1
1,3,1,3,1,3
2,1,2,2,1,2,1
2,2,1,2,2
1,3,1,1
2,1,2,2
2,2,1,2,1
1,3,1,3
2,1,2,2,1
2,2,1,2
1,3,1
2,1,2
2,2,1
1,3
2,1
2
