width 45,height 45

rows
45
36,6
26,6,5
24,2,2,4
10,7,2,4,5

10,6,4,2,3,6
11,5,3,3,3,7
12,5,3,3,1,7
13,6,2,3,10
21,1,4,12

16,3,19
14,2,22
12,3,10,6
10,12,5
8,11,4,5

6,9,5,6
3,7,4,5,6
1,2,8,5,5,6
2,4,8,5,2,7
9,8,3,3,7

8,8,1,4,8
7,1,1,6,4,3,8
7,2,2,5,4,2,8
6,3,2,5,4,9
5,3,3,5,2,12

5,4,10,14
4,5,11,3,9,3
3,6,16,4,2
3,7,16,1
11,13,1

10,10,12
10,6,2,14
10,4,6,14
10,5,9,14
9,16,14

9,16,14
9,16,14
10,17,14
10,17,14
11,17,14

29,14
29,14
29,14
30,14
45

columns
45
17,27
17,26
16,8,16
16,7,17

16,6,18
15,5,19
15,3,20
14,3,22
14,1,12,8

4,7,9,6
4,6,5
5,4,8
5,3,24
6,2,5,23

11,7,21
10,7,20
10,9,7,12
11,19,11
4,26,11

4,23,12
4,4,14,12
4,1,3,11,12
4,5,4,4,13
3,4,4,3,3,13

3,3,4,9,3,13
2,4,4,4,3,13
2,4,3,3,3,14
3,8,3,3,3,14
13,2

13,1
3,4,3,3,3,14
3,3,4,4,3,14
3,4,3,8,4,15
2,3,3,7,4,15

2,4,4,4,3,15
1,2,4,4,15
1,4,7,15
1,6,9,15
2,8,12,15

3,22,15
26,15
27,15
28,15
45